#created by ...
#main
89631139
89631139
89631139
89631139
89631139
89631139
89631139
89631139
89631139
89631139
89631139
89631139
89631139
89631139
89631139
89631139
89631139
89631139
89631139
89631139
89631139
89631139
89631139
89631139
89631139
89631139
89631139
89631139
89631139
89631139
89631139
89631139
89631139
89631139
89631139
89631139
89631139
89631139
89631139
89631139
89631139
89631139
89631139
89631139
89631139
89631139
89631139
89631139
89631139
89631139
89631139
89631139
89631139
89631139
89631139
89631139
89631139
89631139
89631139
89631139
#extra
89631139
89631139
89631139
89631139
89631139
89631139
89631139
89631139
89631139
89631139
89631139
89631139
89631139
89631139
89631139
!side
89631139
89631139
89631139
89631139
89631139
89631139
89631139
89631139
89631139
89631139
89631139
89631139
89631139
89631139
89631139
