#created by ...
#main
35052053
49080532
49080532
49080532
93107608
93107608
93107608
77252217
77252217
77252217
75081613
75081613
76039636
76039636
15939448
13250922
74976215
54652250
54652250
81843628
53129443
7165085
14087893
44947065
26412047
69162969
89882100
30683373
80402389
86780027
29401950
77538567
70342110
81128478
44095762
38411870
54704216
58120309
99188141
53582587
#extra
29071332
73580471
31919988
70902743
44508094
70780151
63465535
63465535
63465535
10002346
28290705
69610924
37926346
47805931
81020646
!side
95214051
