#created by ...
#main
21615956
88264978
93717133
93717133
93717133
25206027
25206027
47013502
31553716
67300516
61802346
77135531
43586926
39191307
39191307
39191307
36750412
51925772
564541
2732323
12580477
38120068
53129443
53129443
71490127
71490127
81385346
81385346
98645731
9622164
20638610
20638610
44095762
44095762
53582587
62279055
54178050
54704216
97077563
77538567
#extra
99267150
99267150
39402797
70902743
44508094
83994433
73580471
19974580
29143726
39272762
88177324
64332231
16195942
53244294
69610924
!side
43096270
21615956
21615956
10097168
25206027
47013502
47013502
61802346
75830094
2732323
99267150
73580471
81385346
